864
267584782
709847013
272050662
267769136
427774293
445969768
677103117
753961192
884971230
890745192
923135265
272348735
852335146
802557302
817474554
231097064
182921556
229294770
19288912
454867083
620118684
346018297
39089811
39351402
937622876
324017477
40972942
134713739
998896555
175157176
469792863
858655740
495228438
73877135
670138185
23390893
768667153
894247364
28285293
357151002
924099151
316759321
287868497
694020676
162425136
918310030
839238120
435555839
712906268
987510091
543874752
293456015
616294900
145565006
629556260
30606398
419029547
953392473
5191567
361802063
659751502
482735187
346733987
614318770
324165783
596216445
863985582
291759874
737729642
414832759
168793952
53765182
944510375
867645639
139994374
992329521
794886822
612361376
843458441
26379997
255674767
274963680
729830764
349949448
695967745
735057557
774408960
712031836
36049313
77022255
211735995
210632550
385789727
855582590
714238330
209466769
283343904
953482090
976872983
745540137
639787501
668072795
25223797
949322948
266082269
553950766
247971442
410396579
328706609
167944729
603500568
316406836
303916927
847791679
141247694
757542594
903107601
532663862
563270260
982299808
935692281
940883849
302685912
962437414
445172601
791906589
406225359
730391143
326607588
190593170
482353045
220082688
634915448
803709400
857474583
801984957
669630597
809624971
801954492
596841314
209202690
52661131
79041128
334715895
609679576
339510339
689459788
385427533
120485091
894894051
606925887
642975200
719997456
931733451
142366000
528155728
383738317
97976647
307443417
590787322
544269412
521142395
266682533
906470035
574542830
599766627
549089575
815171845
369122611
617094054
27490633
356197243
524141972
127642540
444049377
747966304
595757982
737005677
494548271
397655872
930319734
493589995
475889803
411582084
352465932
655151845
617589259
62761860
854668450
260893808
991284952
317892540
508485710
990838756
210921444
845836892
649546292
507020875
309005832
978636430
788261401
590215893
187057207
396259898
448921029
527962157
862678053
472357629
811867969
501327757
886755291
7240382
902134433
509060320
152035520
872032976
803766427
946132428
474288156
858026473
956003121
263446538
854233861
398503273
919645669
186328202
92798237
667341067
267107694
816197270
631369115
491727
617585781
645076415
1273658
525415630
653058171
97107548
845073852
440831835
177837512
672385783
70041656
361390
493951385
969841188
381423272
733889205
389041050
6630308
69392169
924060619
184954427
176239379
494131920
2617630
993456386
204377831
50214723
699761016
206781891
515787724
494424153
282685554
872901447
59958654
456218552
905139582
433101739
295779792
768137422
580005391
81333148
968088439
975328821
877463254
386523574
538559094
410592070
214358497
160490925
634779081
492805555
448808676
712255215
566489076
964992349
884638018
70966220
163764458
831105525
98213219
914410490
545779605
546271332
163857113
808933528
810207187
335622817
988680989
85788536
930862389
371694224
549531736
221917519
291959175
292320565
786271951
756113139
137536411
871425616
260466666
267096975
336489144
260549763
445504191
621743571
115875490
118493121
111949508
316327339
366542062
66303078
273084969
788872694
283296847
565982402
438883849
498842504
955061057
860200639
293302378
589082171
357219592
937224984
18558132
986646571
961975392
839438646
225962220
764521315
175113386
389471884
549962810
184741891
677547446
126356122
838611338
405100413
370092763
254730781
325697002
489461460
320566985
418780205
333190695
878970300
425241632
589098745
398032274
208239460
543862278
532543266
618331803
549194192
920888416
470420152
692337672
984296847
276617413
62889364
819002503
956538915
827964532
88431198
355528173
692017318
952567082
398071273
19814844
135690335
254183457
366132966
682460306
49002368
115305447
388390416
177263110
460559957
26542359
465426209
964268713
919329770
779530409
72832787
661914958
19134550
956359534
974917666
961564238
923539630
762978277
988940497
753461812
928575199
318047082
868009892
52751783
730299230
856655353
695266690
100367104
470459867
725190649
50887651
540349112
860916098
279696303
612886998
491857298
917098930
506197675
904229950
112469410
656331688
188874955
807206759
356400951
277289367
747709520
440047192
424344039
700961452
763850816
582853319
539392235
367356766
455787964
811316138
503333456
455900538
853971811
873786656
9476992
263660450
629793416
312253722
361256090
476561537
864951954
42215064
502775022
529317382
994743591
959012304
878342074
657872483
730705271
392620229
411754780
368114314
343031981
304596218
228135848
991114126
980054623
733516435
662091634
980138717
848148609
900900393
631199623
487854975
183121666
283488771
753948639
479139288
530026940
70376052
931292151
210988454
823875452
315732750
232831680
739029356
643259306
755728716
412060405
600935360
408142119
764543070
41832438
789541958
229589150
653933189
354894641
118745457
701598777
240991011
608347778
64135742
875451881
378785337
834685875
688657687
562444343
571921336
835581786
465375202
777628924
138885014
615446552
480398506
522613571
25388593
554705975
549449566
508461870
386803944
44676427
775381699
168001927
579756708
947871022
290903003
595499222
823635071
814749197
794803819
528320255
190411889
170550606
18699215
919599608
550799231
38654206
221775873
505264645
259213284
738352572
268379512
338755565
270047715
481036170
304911622
620644373
853476053
592505410
235764715
991493432
403553837
4489197
412631317
177174387
219006825
8548784
238137934
892071124
246965765
365711222
67309999
308301011
916648789
980784532
856236413
235021750
69707626
758365313
320809657
892730993
728312779
193687981
971316906
110201920
725648472
206046979
728660550
754049143
308755118
858204684
366666554
753470498
798146926
573528624
741530552
321287260
269158282
560061286
155560508
979195579
793944776
588748595
117068850
307480740
478031346
496730562
416330170
967129401
5783607
227559481
732824127
992037411
730389984
998769497
337525062
607572778
88608948
393520571
14164944
867640998
460146408
695911124
687404556
90958394
95447592
508078910
685253297
904260124
912808908
150946842
43017966
289983731
655694954
723004954
31305965
947954755
928739287
784975700
19997450
89705077
848070391
168880048
61611041
789923821
983611802
954928708
65130628
790779101
996826080
725486629
479535773
788290891
646495575
13162129
766632628
564779553
138308178
879838731
201125991
470284274
30345560
185906068
165101647
959046424
547795019
664863870
972344611
450375957
947106519
363436689
330566090
336349697
563909179
296733306
288770718
19160701
17930198
355455261
963028040
51636988
445157560
459322504
326963503
787109911
483021035
170425592
261383987
356831579
864910489
550163787
454423911
367232818
518179661
561197628
851181359
506876313
229881267
261187233
209141987
137881274
922856975
942854427
32559504
880629895
49509943
111120984
901044805
884656608
839585315
904715944
695495044
692321124
417807753
897343527
685634418
332129993
345292123
111924750
676704304
815012482
694851213
895977204
366261478
396607038
582513106
747614754
706661178
254456197
919320068
891664679
342040636
289147155
652583845
983149935
319499632
883408813
180142119
468912837
488073539
506003739
861459000
824487041
876124029
321281590
780604095
107567597
894677509
377698544
548124137
809508124
166339703
31250193
581413980
35837891
403070710
921250372
482447999
333629359
840505673
70386940
331574173
540716161
678597436
601454412
544308839
576868343
457498238
507008182
618129167
519173972
403830580
243415895
148131839
843626883
535948007
953755761
851099288
536733705
868863699
214155822
326080572
2784877
817797359
512648572
408625777
774887255
171494293
754007399
501622154
208283332
462739530
382059598
273724277
615764914
904912070
557495915
540645850
860145483
743554295
923696415
392609252
880682792
386686531
248145531
72632572
948756602
270038192
50642286
158209884
52887393
430585938
978710075
788218199
954557902
985808095
567222076
603059967
6130678
927381050
409829049
743458408
583964081
654351021
985925195
526641357
205238793
806693205
351002044
927870388
385368626
892376808
510505974
29679947
433510527
676926422
825058261
668685145
204633152
158388913
9488200
546221906
415085605
629241427
955322000
958106877
775904237
288552809
697178586
472065841
643560134
397567534
899189688
107473020
570212550
952272148
225996425
841761340
746673410
304169324
844815174
704960657
448514953
372211368
764820621
645503414
32189945
280335477
352968049
301724651
571762844
622405131
780615016
833502410
264088348
