149
97047754
491977476
225867770
432666053
441852701
918226973
773163440
629119873
161820716
373690736
140569178
267801044
143902099
948025841
257239374
195064133
861661130
74464920
913387916
633206963
140542716
78704915
484175431
197751531
281697233
131101134
22750104
796696840
602738676
444501908
970037550
809613726
916927470
616090306
836652270
362999445
913592391
470621881
25048738
584844846
417449377
117276774
433680476
896576034
201884573
485606530
343363724
820024180
963123904
657944438
508842326
505744640
37880404
720500629
921476078
775107796
344392105
817482408
12598398
378273638
624589762
542654262
691538580
788586335
280563810
506431581
939097635
380950336
299177309
72340750
701460624
863281340
236972076
377541255
645342299
789244399
737270240
994509615
189573748
51234878
125699798
39087715
672294678
812837395
891542310
375717741
573469272
855166506
986267640
9017745
805714585
408453261
852955170
822992720
632606446
549533915
165624222
2276492
365275937
278868328
749490210
774538948
359383794
776833171
894109946
327790422
224366457
426251031
911857561
255221285
75245466
38369371
696313809
205156135
710900776
748781181
469281810
390757887
165865684
510257789
327740198
340338596
718612234
343201996
885856259
577394838
365981173
646544984
152976566
92074201
473024538
772201847
844542598
546003222
409284562
646256638
23797893
669140193
458384592
195654833
190164448
379738196
430973075
556672873
595760589
268055267
80892662
972434972
348152713
