243
31016621
985574524
971382620
538604696
141664663
147795341
75176391
485005441
228463849
812427930
466778952
452704148
979345505
184584298
991277504
342279548
270149936
655518562
547895370
58401345
88081292
521591819
198518241
23576503
692261648
896894800
55283713
64771913
610993820
26079425
655320853
610642853
568749730
344653967
633206777
330385363
802451204
446011339
843578873
742768560
850241580
420454130
372726279
598722704
440484044
187157454
491326779
336141953
41102611
489617564
861828933
626649554
272152968
304342913
584678390
937646440
239371092
811133936
433539068
214154084
47656494
311744842
554543265
585559887
571134411
542517031
81121727
222786391
370581733
445758125
930763566
159227415
971655346
438434298
891138447
870483952
55068250
46345755
388625303
658775240
314293802
862189173
920590518
8671810
530263630
728781872
752358375
444620023
341514823
396798536
461570450
72564270
98643695
753964549
364607402
933357133
278011100
911217877
241603240
44054444
490065783
333644656
76413216
926654797
347108927
719835206
318557911
759041956
946199410
437526189
773668143
814770754
304388318
166217251
792866806
65019774
369362687
954041078
891687518
131058610
942192547
375731615
589885700
637542195
949287038
503830303
89390190
660524602
203041633
284163361
506949752
877531485
323289610
254053176
413280591
384935937
823370236
714508683
584992635
640060886
686406641
75031945
733807185
48100987
910290161
830880680
839552490
369816120
98597992
850956368
295576390
637091214
33889750
495460200
568024470
666668166
420632715
785240117
718597250
996608350
907826227
149429466
193483911
683549694
17194350
93607566
20262363
367371291
87206497
405764409
164806364
111005774
548531964
322200107
136970860
441359179
607576431
400443237
465463011
834825699
788866777
680554296
811612907
753805454
129537070
719422770
356964965
306252003
810082307
899472498
559997100
763038733
47202094
554151846
431683331
754972942
9026117
422306709
807242647
630612883
345121566
930114202
570175088
256581729
331613674
65420859
113521847
23812009
854692689
694245179
64061299
162659292
13615660
309192051
946283265
980173015
475633215
43657685
710325852
130958567
916198685
634795935
631404285
539230511
688659978
882143889
565693583
582887933
676495500
696757864
64129155
151335653
557100062
721906427
832912201
381444165
703644272
840615133
281974313
889550744
289993982
755456994
590282693
