478
292477171
910504603
181898355
227105619
730394129
55583892
354726653
165042872
1924023
950238309
676169389
927648064
648186196
610253997
460515809
301340590
402577807
588555770
294916344
197979775
269568193
762722408
345537820
543873509
256338935
755420407
633781267
510207149
645108801
633399064
225767517
994046746
29446390
909779040
984806858
16108255
112470842
257151996
348570186
571131616
931909150
362601834
48819204
704335051
17842596
270294518
889482057
986555397
544323537
622707579
16105645
617620013
546766598
982766941
231785527
279976579
837598782
93636745
759594371
984316939
160195800
159583527
637170063
929647235
840151838
22050193
249155813
979549943
35133835
389860490
554903362
556827386
507065695
183235085
110883149
759069346
369323343
829839153
131179743
533757551
122313321
417229666
615209441
884777635
647500043
993037864
536911373
793250308
548670715
182451982
692659132
337767933
971166998
196934515
190981261
220427652
130206692
115013550
131121805
243592648
500744645
849314832
420446448
352355598
714957433
763776637
468111688
485954286
756248805
645730861
632286259
176609796
799317375
815423021
433043034
979809634
962576575
194362102
474338682
311937465
405574210
165168582
149485521
309681322
469264850
106434912
36082147
876233986
898284180
147439993
126989937
162123773
551984263
106887626
663715012
170780708
354015793
464898943
223968289
593291633
423130786
554310529
88068081
210381402
627611068
242820510
127598145
775098188
768136052
305047425
98297733
646968449
829420431
522079564
859847498
831014496
27949011
218930273
439357926
569564618
684578168
815699974
59292623
560037269
409352100
829798549
182154147
897111580
660888218
128999907
614954193
371202998
16933859
649220119
825829916
625147291
440570312
873613348
853422982
815999557
10361659
484700342
796637807
202212017
367380599
516866121
826547443
295812293
402247206
438329354
314563340
212847520
360287514
487277451
649401224
201385488
308273114
971988127
142768835
496784629
961683572
185651861
778943495
202074281
756384811
844452892
54834294
682445363
925265874
52864018
827962207
596098259
901145684
999443418
646411868
475832299
997911863
857759362
688773857
716722869
935653143
375011069
944575688
629153857
444853832
504146456
64183725
473535825
303334374
485488522
382600102
43488320
172488228
787442421
158645419
175579280
824799399
650629314
275776606
716346918
589960266
443383248
259382805
269744465
754444807
551082614
753294632
120675231
637541353
464088796
759901089
162148295
600477650
915040991
127888511
488176025
975453477
624854701
826240190
134513304
106501431
249270266
746054895
707738467
893390329
672333823
874408105
630792916
475245808
530080102
212525466
137791339
190655359
18617566
614715826
515861511
515304929
161716796
637549097
635460960
493220322
181994179
898717049
834370192
209381262
153956951
783110808
227964641
732111097
796294822
269830647
573165022
58653544
441253647
484741968
657230197
444672619
603318039
778897319
603696718
254326033
530102639
246449558
836409824
279793073
539175878
808920343
563365150
114447765
867742397
988417629
625958981
90047777
849948867
12097163
612574814
527615805
655504316
143680342
119133818
743988520
570228711
704742015
811243446
60513712
806568608
514307075
407697403
80031227
954439333
585232248
60478056
590558158
803083625
940874965
131530324
150147890
764863716
280725227
796030157
957746954
595296050
230757011
723977333
905971513
804688562
639058755
848440017
2396969
785507778
13472418
745583516
541878338
811708986
384874008
443527553
884781201
369523170
26753366
471425986
74744025
853641344
457338062
711664096
241766735
488216293
324626118
604419191
143595069
952515413
515880563
630328328
498070725
486488355
112447336
202495114
52443981
64541145
677115959
204731764
860236081
3916423
123050242
867038763
437267473
142009488
953252935
13766647
820335255
334642330
742339735
822370963
776810295
362042544
422520600
13078758
816162384
757037349
888567673
38715564
803579281
84304508
880334665
838081619
433377669
664134681
388112014
294083526
98772089
737830844
586270862
588667831
374175609
387648028
133231543
675109882
486818868
871692877
315220430
200001631
569524801
596278169
67704154
142448179
996089525
453427587
165091683
406858418
895074712
219700829
824120020
967715090
920230502
436111065
66439394
564510120
50998474
163445811
365940926
418384907
482926053
160042013
364773777
225009859
228926282
351976524
219015287
656282761
798292250
751545185
765311832
585647088
920289419
662629154
485000116
261810412
623852956
46373556
59452315
875614700
632652049
521219723
559935287
363514568
447819077
328153742
166235361
599613032
263747712
651859727
945943254
44715343
782546187
368817049
957484880
331660489
719308518
852540062
