725
637683897
389758150
822021775
561207310
691118012
80490982
734370140
205984531
539721896
9136539
558281583
669515806
93507964
815616693
159118213
444017023
856339
421133462
793562314
498038457
696385369
222003508
986890571
766179239
847169266
429527357
103747333
345365318
416190040
297860180
17296242
72495657
773332660
416127391
26098465
19722060
563696887
748171590
294590102
869059786
771571712
903723326
526354026
943732380
791910499
303592235
381162525
412813726
93160543
451975936
391403981
594137405
843080767
732735163
27651721
12718061
548968195
1579140
407357729
727469684
909136520
682512544
407322085
45005981
434764132
256785907
817993217
509111230
589602213
323972352
529956885
69678781
78815321
637096904
306612710
400120674
215737368
374855582
818872606
819728945
240862407
34424721
532463178
228848548
450852056
437742628
203921867
51091133
480618491
584365824
929731143
345921184
643781364
661077606
733573264
506905924
923033315
949131781
968853842
532550729
280722319
575312421
444372207
215943920
119667246
646021272
589753653
381664152
685256388
66418913
479232640
572393183
24369119
415773101
9910506
852991273
585726436
613378158
626096220
175064415
176643556
584001285
311470970
220607490
903120034
310442119
355448101
790212234
46998141
864991359
374102589
963704803
287677155
817634041
887312822
966128143
603225047
909837758
309958432
525695801
900551384
719423990
539152935
780015343
814440064
346903242
575751791
26603847
464346476
668268343
719359477
199977968
784343793
714074937
59996120
703777485
364855092
98428356
605334280
528367595
477499377
446353219
978903948
259626268
834938689
279310897
495254817
614922064
260943336
850696990
232361142
917617530
984036444
463269084
35662268
60031388
475804489
485714996
338706269
924432706
537810864
163907084
338971499
515615056
99616341
411087311
631694802
534814837
845256957
200705058
990917293
37915434
902906794
277009384
240714187
528391343
346025384
233338207
199466351
802691399
712529157
22487590
548183391
448734775
168158765
707311700
487327043
301767108
648670350
224422142
251025990
715372466
383640809
103000287
302978255
87322048
801396986
861393107
565170592
930025685
28454040
633788321
162155917
639655294
86008513
64912462
324538730
159477420
438788318
934043135
548965199
809908536
660605526
892966668
810584199
794620643
257889728
293551996
353583385
829387875
315102871
653809141
578241847
116052711
279959796
618931296
134546352
234162694
645250006
276944809
811759646
657016603
857721662
848638955
886554390
789461185
66470569
307184756
835576100
181601485
414939692
614406043
417097442
129626599
152114189
700297581
149032356
317191121
24502822
511829866
813596974
462267325
686689467
937715457
653087924
36728733
139729020
442707276
530029325
331426310
192819418
757990010
688015695
716469736
350258057
512413974
152069269
238077783
302990245
627528976
787006397
225794715
159837850
708803050
518711586
179317112
72283780
882867979
677488623
935378351
228930348
582513734
411901609
727004481
380813622
959055470
75108182
355067978
973999275
108545627
342708322
987958330
264903138
76662785
733679389
591401051
440040006
326594397
116055582
182526151
489710909
325287009
506888494
921828187
536234230
953331673
82958272
235072461
935370042
84402399
401593520
426096343
937926210
751523184
213790509
900479977
838195434
491283358
528012092
667741112
110448387
640477713
971904024
164723442
922713452
610729147
327198883
677456940
189870914
341940184
580017967
883008213
510537190
297543587
523338302
683176153
391979203
910690790
90007902
162291682
45159662
722648285
658026636
886956985
469470719
881372328
608376810
989190432
948245902
23354085
378422063
352421339
460966967
803675290
791633620
56536759
133199544
866878934
458279985
898319992
224914389
340969972
523496124
13207032
338494042
845382537
767210724
303444954
256776627
339734899
574807361
510177403
594579803
996173324
422269667
360195877
111719062
325509571
225989548
64184983
555468341
83480433
751221545
861669933
502147646
474051671
638775113
561488565
172217713
499416596
176873536
366744452
708684636
288702604
171710817
682248007
979791595
503129897
186306051
578285255
488976045
578983947
741275630
786435293
509083579
167110215
54067200
523537920
404910248
13287058
2477490
950723393
974077478
352499542
704920882
165887849
969563140
761196760
817733519
950933064
817811998
276091983
174411976
399326366
740296338
263792462
276999495
615493538
460876075
228086799
531531753
788308381
128043280
702850642
213028045
807607849
803781173
226050840
586246718
697965780
23475352
249464900
313649884
869118226
952598659
703820204
565490138
67637784
541689456
180464569
741953135
914170848
413587445
590460981
957205434
665890070
954592674
126303492
808551500
788343095
291472992
477779044
56064299
545040345
124024292
865299923
651735216
160818795
327929011
381996211
905534131
310444380
323731438
326208929
276932323
251009801
603509344
308430226
474318076
443881216
205077976
22811495
973744560
791556558
67648542
242060518
641386885
381683223
645475685
922475181
537968719
998844794
226931593
758463347
546771728
674815009
377665651
590693697
398301546
202082718
428133559
14380278
712346058
735821410
985286312
298936195
168054421
120653080
824473285
389963423
457601208
999290665
179755234
921708370
835879218
249466662
839927645
797133079
463023149
417615824
543919316
352470816
140813911
432286905
910065949
966130249
511170594
635194887
500494810
152230027
313048822
640977833
22974045
928508177
238952557
562683996
888892925
165825247
416835049
20344393
328774620
803092697
246973912
452051889
474863385
448607945
240164504
307813046
549873565
191260449
572943673
218419358
140894540
678863260
677708054
904639648
663102996
209874724
884689734
262355385
853049082
251350628
453433347
881566907
895947185
608293243
344114654
329400966
628337162
796391583
917044664
741517950
131481373
589082582
588373247
768128481
689836851
525716069
775182732
615110377
412243456
875266605
292882430
836801747
189272563
330086475
762373381
672439330
638569580
149740174
784935061
285429872
437659899
750708721
391686555
414660601
343168778
582121335
144805331
33698256
199523504
616358554
636702948
965477569
768570265
15544177
467596067
942459453
391067398
631231902
939044949
488918514
680178964
253122637
471541995
612436536
291299796
969007851
873647499
536750495
746625220
631314954
893670340
746719422
998070050
451503398
333070304
229017490
837310734
181425388
510826354
139163516
935555100
852599765
594117714
725599088
314681670
903054917
671183398
361020249
886736319
661919051
277029428
689272884
564539490
857421920
694223667
883496230
213582706
975956087
648395418
286964997
436705172
221640233
507070105
944730005
695438727
87125282
501785883
844954661
427075996
571881328
605579584
805103089
421461642
58164590
23642159
792212424
807756603
275352670
217812123
608879521
240111424
179156373
668074888
348253851
601376489
72918484
685355021
976654817
945662668
819310167
356060662
102685882
734000837
627671176
374390599
372460649
823964047
157034352
386051842
223362575
404787964
915614318
54777835
990332935
842932700
437050414
162649502
477331172
380386090
51569488
412589738
299326057
961245108
