705
161325110
546700730
758636977
832617083
165151615
303051242
858922101
397464215
153842736
462231571
935492546
561853870
898212737
752408407
939635370
81974217
742352527
962575112
353218304
293029124
707424296
452945410
742367269
211501858
493641184
886213397
138440263
444780122
292873169
691900017
292927326
724082640
735525857
501754927
637649847
67586812
726039658
388446036
243664462
214183421
524355820
169373149
464617443
85981181
67184875
796617677
451837912
335673439
671273837
668927108
754997892
971942080
371799227
958656561
363677090
2131542
883562250
556618107
167583790
379383212
569687362
733659457
438414730
599739840
146440570
905077548
737694631
902846247
205897489
64819589
462283806
616126542
78358114
13850660
575704530
473917267
226325675
165961045
247935263
990287791
952862903
306081207
599110331
306534628
759480039
501847308
713349167
206990351
93203749
231644013
676424135
969297306
661197323
954124649
678207290
413733146
915488074
553137921
620724733
346764391
735210428
978874891
193058312
717414132
886787281
351404724
437385906
504570781
301188458
753026371
88699810
759973647
428900756
183898648
155840728
527639956
486296517
849973607
852105150
735667399
292285507
459869297
839252510
408939871
142599328
581014059
180753899
327194470
232272017
969966649
872812896
78710385
143529975
605813781
221940323
300298438
314149098
889853629
363770896
590096572
756057618
3992881
994280672
947143576
253224783
852335114
158869742
918349781
420197089
133546256
340536608
433740357
665384370
341808506
311105812
972303135
926427784
604635075
18368221
933856296
486994216
107718950
454483342
189693770
168568661
361626974
79041106
965828388
317233112
754619019
259189801
560378260
313404631
402104442
162078089
590978846
774877495
930718223
458358179
944654697
794628304
646733454
382400853
674686360
134555658
973808168
382748039
525347369
106361427
287115327
614309797
846581815
816548464
689361360
768071745
911601721
517415502
739355826
39654264
353803362
243656991
607427888
197524461
953582079
957574960
951855632
898999208
152223990
4559105
163428848
81778629
501975720
635521977
976058585
409798943
75183313
416991819
728097631
700400766
626828551
231463626
249831847
183688143
670682360
778401311
232884653
422578424
591147086
952774061
31815167
997643555
314876668
69495688
328685489
889063750
202468381
604572824
766650914
357629759
132507254
63225477
521583657
466238354
260866658
907600112
290000966
964687327
99242985
73051153
455799193
981146562
87507989
374623317
988933115
835514930
652063394
341424754
109496500
21098221
538513724
277869550
317523814
671327178
914984169
522412058
719936519
673518598
631093558
582949190
481948398
634172389
638731494
802160343
883938973
385914692
21436669
997495254
407294197
482477511
899469331
627566963
327967729
954796281
186259906
436091754
619779898
290462258
68863569
301748223
724326648
315473734
268247795
300062962
297706518
612583187
682078875
10764365
899828115
102296497
706869321
473520234
831149994
963657249
26882726
548466384
14704739
275571397
183171510
473172476
437859803
537102789
610153942
65953135
47099697
134607687
509231005
498164120
333679050
985742445
327167200
436663700
457761923
996275647
274145197
591669012
262996190
177980360
700392418
420328937
93847535
724941093
307890284
789838682
424011071
62742566
864902909
748841882
134756574
156193244
153688498
560982696
43460208
942929539
570496502
898464232
853260512
39520419
475612174
95392072
385854331
454717900
756466123
480792771
796266505
64514300
364577263
662283782
274866969
956945845
967710210
867538325
969834822
676704143
150224378
981374373
945031622
971914349
520380733
535085472
810656871
993828381
467000857
904860661
441963450
52117392
118070528
165170226
299777913
809008919
307173038
640852089
626594534
953761734
390425435
848187358
844463006
118608203
710277215
973273406
151253766
851646184
271975122
365822657
90763751
398654035
188492717
612503789
675246356
540149265
288991147
423747722
579940967
733629465
294612162
338072370
281001909
851498411
749962643
603223156
642743576
118355750
213747822
599602153
54320053
810786177
291578948
87845454
152359755
516937019
179220801
454087771
411033616
378743826
246282151
216116973
892821117
43045495
24419868
969451491
941365840
461746574
996832047
807488918
801317299
268318156
173178817
615142267
667259660
785330189
950500415
250278329
59287248
366460287
7312376
633906911
587668646
978094082
826281440
670744446
789352649
499629865
472903271
624157037
475803222
747778344
113601002
204364753
603018789
791511507
404015296
79261652
619410918
908402066
332149788
912090755
645720221
940332383
278404754
559406664
410905075
160867719
764090875
406834451
525190201
738938023
338540177
392860230
203646407
495225356
583070810
735430566
252367584
431588386
885676157
296709773
675453599
921735750
137852723
30673841
73719337
98139205
67590697
8956537
470703112
467535159
275024077
76341375
344659532
517838349
132980616
800240277
585570466
536070882
786349211
845636459
212096746
219409123
853316035
440984680
419078762
245360203
916104649
705457298
205087164
677990435
302147473
777950696
525729040
639330042
843694796
446713586
238225093
642240390
721502043
340912961
249315027
581464815
493555571
139275792
79608175
358012929
917419593
328324669
489192388
253283263
660117714
185307915
924245939
262786115
655646346
859292754
354518110
937588920
673019486
925387071
356975457
242651614
539361387
214814986
136550736
274403460
305077301
378796639
476935845
544526542
553483080
24186192
491721351
766745428
843086804
187746336
705584685
838565302
638805580
224376046
760446929
546796140
392432599
604529346
823938470
677254505
118239185
537317949
782678152
698782801
404240100
609327264
287317699
589465173
367415868
893144909
532474952
376169748
822883334
61108427
703348817
424850860
765763821
15078848
596543664
90099235
229375027
308983202
666996132
584415726
912740395
401932783
655216046
315333760
500641675
424887614
687673730
343320076
202612830
557130940
494719861
167739347
93126418
450101875
692753490
232114877
446929864
583480601
857884062
162961363
541758003
18693848
563220391
116703471
140889664
632611016
399356444
242443248
430189585
135774270
974339573
613145153
837521200
597968129
144764269
537196869
141726215
965664686
642919190
761158376
298476325
81154477
779937279
184177379
793504644
80822343
670287517
37703385
930848294
463323246
839492995
662376329
723484756
426833573
851684434
617448255
632527103
229070767
319170002
548545030
857528232
524524365
108940091
21680486
423613270
78829315
394163076
894804752
319692367
7366098
350686174
553299005
110429946
605149808
772889156
866015574
316117450
8870940
240985818
687915683
271396284
129280346
292241710
833999713
852693562
415913953
532617425
673507089
306118105
705474550
947917799
378107384
513881654
488221227
101366381
938887581
536855710
681619979
218816848
360543064
326207749
969126940
730285317
28761642
109916120
889853400
74030779
867535424
948357768
618645285
