933
864800129
868450241
295100176
422769950
85292923
33174605
443847432
138619477
563895117
425591414
564841132
657920020
395528145
753156796
944701220
79486957
309190568
333242789
11473881
474180232
121227308
935822410
144601511
451991779
521968102
244724771
349065490
618970899
514004588
601310910
157713876
891540836
176797491
231799483
673556302
205441569
291538239
113658867
385914776
609670772
678854349
133722446
60542252
920688775
52199532
645775120
163019862
36753853
554680953
274207098
336198317
308363292
458449134
138724917
749303435
743724919
691134467
342471468
361324792
699409559
148291784
676295914
609052496
473852625
342302866
637403043
60172993
145465917
178640522
622487955
761107433
325002550
750593964
315435096
973355117
368883263
122040059
66741279
146228237
455418805
788661594
800135476
274315708
395543017
331365427
475966938
927958718
449926820
694651591
43717082
662687981
176692570
778003481
935717357
827258194
4055685
235855168
909411471
114853039
406391279
520050146
905964923
515635696
194490045
328212492
388754744
309443520
361643053
7418172
170438035
207191889
761872843
36079941
372278258
680641552
139090686
277815603
27119039
770843958
461978425
804449894
165774686
865184246
13476030
689771945
298824441
772677067
114979934
752382977
812555971
958021888
136662411
759150366
520257799
845260349
595854314
911289411
884644528
253527791
375567851
442309131
588537369
43956175
832617769
632753245
907068955
302611971
633977399
109944338
37903055
487829875
182481467
226198549
888886531
65579101
843582582
779299939
606558134
610613819
846468988
755880459
870733499
277124777
797174924
703139847
218775543
413265588
741478080
130232825
439676345
801319398
808737571
979175607
186367496
948240340
984320282
356598540
37240092
176330779
454146383
481265422
252109381
714087806
518537701
684312388
549496634
562972665
252744610
551569051
324246118
439226052
191609030
4165001
962186890
98849301
857999667
378257467
223517816
819372131
730661542
615306070
868833862
244401713
686710845
275248214
319204389
151822159
784575405
691644360
994256332
628233731
738178070
776081125
263911001
446392469
672591019
561477550
627056652
470639234
249939174
856497308
467111127
313580115
69460574
940194073
217318851
14493775
717633622
936409165
349674754
91152834
221385659
661062005
462381403
271118974
250294582
436662079
384902418
369222700
725821242
763061334
939392114
393538497
874803919
126913300
841001107
359538808
43851196
593347830
156320496
409065106
960634158
284880277
724106330
915715360
919880362
882067252
980916554
838916222
217173688
440691505
260063636
990725179
606031249
474865112
719266826
405977671
681225886
430276
152252435
936827841
628472201
622728533
250962264
989140334
765221460
29132461
475524930
148115949
709593500
336650152
807289387
57228561
913725869
380836996
694417112
763877687
704071760
921390611
935884386
653518008
589927174
939601928
30754762
252140422
913202427
375583830
646702805
896997387
333659466
718561885
87784586
813605828
576667162
516059276
909597773
784401692
911314993
752316100
111854908
155706104
749053935
905374431
314439538
275073696
559953973
284060303
199775664
119656026
1723278
982639833
821556054
38729743
479421248
739484885
730210064
336241313
811106426
530373251
936350923
617576810
618007086
770259522
707087363
335559564
958288098
209250363
198390697
963612157
992744619
468269549
616385499
325978999
662629151
469918538
527147099
440872968
821709966
516127078
280004765
984076526
905467137
841351523
494869532
84796706
24398634
55153396
307293819
220496246
596080077
242782882
139780270
473439736
192001622
279786208
93392036
670059199
186118475
95716248
880117941
791432934
543749034
655603943
811310048
560363983
465738415
780177954
55251650
615205623
899265927
99041591
218697618
220420897
203060730
24616784
63346528
542767777
282252662
12462726
348704040
159810466
690183718
626534641
244111451
862118538
632378060
339465424
675024988
633313087
842563450
40954147
4566305
997310924
465580473
81965972
407944971
70574122
540492661
67639760
508512729
330222695
846349773
126354538
110431064
15898202
857249726
352119258
436915965
461314599
516467997
823761816
44258062
640338139
883121021
22901291
496341028
688342651
968128859
61520895
731580094
917698570
13414818
893532760
684965694
228714728
884318672
695628720
255992703
721731119
501909072
557160722
172366346
71632273
170673865
389371484
609792381
812853112
837469897
900816425
443584202
725836865
738299591
87003632
246814098
936997816
563532457
807643909
669762447
302140507
641605932
316630920
949944008
792507457
833461605
838027911
835338835
300919308
382885282
790830253
861404377
401897038
469536799
978049528
308272224
154621997
280976536
391407601
407305803
264555529
616674788
53590752
514905352
31373349
855135166
899393228
539731367
422852389
445753681
942094710
630437360
598566220
660087115
391667210
309365780
322780599
216313359
901279054
129993782
14312454
709941175
965933878
687664997
189574070
746734793
919101139
990733413
161407279
550778763
160571145
973424257
810894154
711710580
155294782
881131647
619431238
706434870
953248969
890246786
453779243
261423152
931185600
233326108
874932040
191562960
141506968
934014426
767476031
605503942
440842777
741762087
124647368
915477622
776881999
178779037
648315836
626365365
934637589
89259586
370236123
761643725
168949528
433505058
50179846
103770598
618675951
650049301
505184466
404577695
944309062
367161451
812915133
755009842
385447203
984013424
644100539
35767749
345133530
667914130
884227489
785506544
915500326
929812781
639753956
605687835
293352832
482926903
229661695
148762835
139496248
300903528
851682292
12253437
985677694
796571849
508282428
663577210
544708858
164140096
870574967
823823936
714070722
167849965
429273118
360458719
593784828
468716868
660279829
801786797
735801224
503277255
108781198
549623976
291386062
416033431
331511053
108393053
287172091
935487928
561853294
496490883
585750470
955986594
717630319
886579848
320084906
370264752
474035351
92711302
742760604
247945070
652522765
596831828
963993279
776908412
531918255
917365459
901378883
545479422
581247172
926380703
594294833
478522322
264028866
179529192
109341974
749095931
354783766
648136599
131063501
360725197
509488033
648984282
949887810
801570102
813823539
799501234
596073083
104355511
767932723
312641580
476781677
347356644
171180580
885251303
53101268
482374388
842833107
436617935
905334803
565614632
367401430
103202654
606479910
715261108
264885083
556271146
972304578
303815632
412208685
699380777
634868705
196721999
693212882
278963352
234949946
952580265
839160113
159245019
529509771
3545123
96256426
839017030
86962100
739484866
336316694
300309973
77218385
609136641
526502100
427880982
973360405
554607577
480988280
75283112
553805435
817834302
997363495
106705470
855801401
210585167
858721767
989785268
350510466
859998499
508982781
458870591
260440693
74264233
873765467
469838550
574194062
342126785
654768365
131550042
478906687
650087267
535338570
588439839
70814227
913647334
350265269
255600073
821214706
188616136
291818790
898298700
613559807
878444892
434716038
407020617
710836249
123044934
822425711
457294417
654016416
347229298
626192651
861142598
813722863
652882976
812127996
341637768
345182891
441439317
280456347
367418448
106903314
443220008
743529982
820748368
429885009
956387110
384268092
357628497
912236074
393224354
468507467
22312903
840147206
837510701
944216171
800017572
10602740
869324507
859109776
209620242
69618741
578601523
37472114
297912808
372177042
245942509
715781059
289975121
632101907
286870272
418420315
897327002
547414270
82752840
671192679
742006907
655654241
5919511
261519584
82734290
271350426
563169216
461467916
75027724
953472617
388188655
795209272
506045521
629090455
451516167
908810584
562827000
910056299
536248950
397391548
211114411
863997388
676125383
17763151
362946042
804385359
84841706
452260154
559163469
2383477
745913460
566661828
996546838
952933948
337202040
694830538
607066612
290967
468798435
491111338
331258543
168769244
112985415
913002988
923605728
792930235
652040010
861660252
931278994
509880517
547352632
845265441
217442482
463384992
179166051
469141173
101243080
388113353
806533668
703860670
251274940
334027780
5220460
747227367
402881608
408801120
670320705
753054996
24405422
587574640
49042556
124070281
77542897
465731553
260940825
766986346
396076801
847592969
756403553
319230554
229286853
765535804
162927351
374041763
238039150
914164535
931927686
294873729
99259088
184100795
636360950
195524419
197907896
943821357
510483185
507030024
459963972
797166013
491996551
99063163
99354130
568152565
59263903
390522448
559291692
672277108
585280096
508885824
301816058
953856070
815516322
746795316
256675833
804028465
649293906
866736389
330121381
509287433
978428607
79671687
467785040
274318709
978179379
229454320
563482100
568702561
315929928
718811537
127612657
797933363
550988359
575393782
162968421
212010978
336081260
413624158
879355711
140296536
907282883
303359685
150952654
907356208
226586761
455873615
221409419
384336771
758378534
996417686
910582221
842509907
137383635
236642724
420743519
57104469
252628889
450536785
394358142
904841328
411871352
871835325
669001338
160997889
