261
359415183
927567749
986831653
377354101
936645794
608922902
194202998
703088822
4904881
958760951
774277273
521072589
777748423
581776888
231070794
97807183
427928565
937215998
915644605
995316293
463101333
737420042
715599422
945053742
508535842
77238403
393168332
111979869
239592528
37525891
588514250
163908032
326876455
538887433
874968693
288592851
167948563
308245100
215527983
518887668
669840322
577196530
803783292
259656907
481066326
865403098
623781632
620199318
530781539
373291446
510675082
747317806
168061326
225165796
477794685
928331471
322689613
227530942
639402295
511237621
180238959
341236849
601297902
960713086
888280836
875112489
252466590
189112384
798035287
992238285
695327108
700231989
658992940
433270213
954342803
732091226
313868114
544938909
642746093
70674658
7890657
923535262
918851555
381952888
119372931
834972353
780026095
288561937
365800341
758968674
870948544
110541071
148066963
736581214
900489247
227365702
766253135
641221829
929814681
97763244
406008344
621536328
140423995
810264318
387460848
191244140
450901048
931967374
797370472
421152105
41351424
572132963
945424410
456099492
203417298
371478624
596644420
74439105
2770576
325460190
552991132
192393428
703631049
883870008
225106857
826404760
787117846
675398682
550511171
802977762
992090147
790125434
782363719
477690826
177922816
836915756
270185970
224528774
956620000
270488115
815427024
458173117
528847776
536738433
460273695
379125251
761078140
880451071
715423425
495449520
784011458
149811800
908780474
779729018
890270090
38337053
774918267
675407514
902773216
669026352
310248181
240062862
337826107
743834452
365370780
505794776
316059095
703519943
894764084
345665131
277632506
75002978
496155084
537506508
109639471
55063881
511163373
714580672
86059297
682703717
757142824
759913400
85373590
638364723
830758152
534389201
418259210
643366067
469770828
256888674
932287357
482798528
285776291
277866438
67991871
850355591
328046417
505969234
342884991
613070961
837599736
794219736
64707851
880134876
338307994
867155770
403894203
864167899
243293150
4371290
884822362
600245787
95695307
879706765
29518565
938299039
718028058
608298148
646635201
421553468
96960983
999734200
668760551
979008733
219071596
556897703
300732156
666102936
171897713
487956808
191476752
86240835
431905968
709538474
784541453
280696537
818203045
927842517
982906398
494069772
208650444
294709741
977413459
734556282
494469682
579843273
218207997
48966149
583355350
1614560
644980628
114751455
371640130
303927487
786726015
72502306
350368744
418360616
268716207
596762625
102731859
