922
776788492
763056133
772073878
577788463
986241725
839196895
662189615
294796061
844329977
9954199
12230691
377506629
656374958
405865168
180404116
539787911
316621082
210731028
538521451
762887908
189138939
100996500
356217786
431463252
469832624
166146433
371302569
82203345
830984527
300266336
691024224
856889908
367147697
694887895
35226492
753838727
97040724
982896983
560291821
926272995
572817979
725794545
817868746
290893284
63095131
907637730
453640952
862925514
509182153
532980047
202120241
660504834
856159667
46324115
426062312
857035387
413708260
9468849
277524117
358416780
330851753
679004466
600626453
377414945
140471078
912544956
490333419
476575145
315772040
977961656
272757718
117087694
127041894
139272586
516779215
173154173
579019342
759423459
299211369
615832452
826563481
365084931
127972840
317111779
418108280
774326066
205789319
675621943
841768376
213070946
295274292
126258818
426525155
117549379
974439288
341586986
36474882
71701374
825540102
922580826
905477808
465769630
392042624
964860604
690655149
508523896
799417180
862512312
770150042
223790994
86716509
595898663
128878710
330998952
991503787
847663454
893987570
320049882
177085269
590793530
600262380
877786497
236203278
567055031
246059498
846685951
224100897
364571975
277116932
767450352
244025497
559797538
537759194
810516912
927604607
54646501
193919087
710698304
883852478
462871820
222295279
521506649
137339101
963902582
328987513
456960354
774072134
192180414
966506481
172295800
847917743
689686120
902757067
198031358
324290177
750815333
868364713
842804002
184390988
220865870
292567244
118107346
40688172
946165981
411935611
803978236
768838840
459493989
968017885
767435066
629947378
400097421
623888415
710604925
306503588
435382299
766381251
757885038
605548492
499536062
819585944
996671214
587464744
187727124
65513621
301716900
868771932
114831430
961517382
185618279
550190254
827307186
594757538
838783035
398580573
936339768
746856680
674461287
729107789
923026877
633725181
517577659
980449479
202744758
724251407
861590508
825493090
154480604
611440958
385513092
577693506
544199988
716495788
564413531
254099652
156856719
354888077
679178255
429993589
298358302
141162304
325553292
546419163
838986408
957093755
997781927
943947908
355883519
159861755
928700596
388194585
356212471
123647537
753594916
153692336
777580752
488185677
794689265
230071564
996452816
754337854
359886347
859422409
679008354
675679568
263144312
450871436
516385058
818101958
686873890
801705320
763222702
948840981
499031236
326338422
921095961
759878997
158459570
94799338
841656019
516117307
245225096
168251973
801977155
319554814
300004293
502749052
227000459
88590967
914084058
68564662
680005621
65518714
643212221
187412208
903907997
468321528
722421181
879277900
234165978
913344234
343337823
641696126
782858430
108411723
654830886
493817294
450911049
448692976
392640885
748524405
908386161
837086757
225281342
581493813
705141350
458736266
612428603
390009355
878195032
672884298
902955862
899408678
653746533
13632880
873055289
552063644
227743212
490887525
941758961
458144019
276245977
963119868
764825188
528047891
476888872
975920109
302258531
223354492
983233490
141693060
236492399
78148418
594265725
839490822
7742795
809719951
129274765
429279058
932028110
159028569
247619537
161703595
230268259
910273881
975792595
619004816
806417025
710325022
178646551
901067732
780345633
14511611
927855846
271193669
912889796
695748226
804159949
458990836
952808130
403719179
852412156
245053040
993577446
901963607
739050364
964331706
545825519
250966869
709703136
322131739
712141095
590336127
263220425
166176288
65584966
719331499
732964380
606019669
158083313
385826526
876714051
818473013
276617032
552863010
515982878
280808067
808855958
285744831
261664940
563923472
787277965
770511455
912204516
148696915
226845334
821111060
660601882
668344678
478064629
607339394
36618452
968646563
127675132
375294670
536998266
767266525
677540406
653333001
272337817
78754841
789079864
967726415
868794147
649139780
663651392
591507238
862700907
775590703
471338929
275498879
734489716
687297846
91017025
943429181
188482222
182059668
84023274
823073638
787405345
333230863
584197733
293900869
616032609
328173704
918509832
181730257
347906545
413491512
132823011
865787391
471807061
629890375
15716901
892430952
710903965
987520997
540384007
56366885
337174953
146030911
431775742
693440683
257364155
44642121
815153576
727358092
876055008
102900342
924011403
584613285
252957963
731022592
338361986
374980439
343627001
471302134
846596804
383595070
150861596
828402002
481735003
754072821
832827662
621907526
589633941
458428089
107567869
771219261
362726499
225427406
1018110
472357040
747855919
482345635
169643481
260660506
204089687
392571910
574631578
658654853
481728492
269133836
602364700
186562433
480463303
96495912
424669617
343179449
524909707
872816252
286307764
419130777
284918168
756725230
386615604
402332505
294763458
5667422
993188420
533572427
589939313
927114266
73145177
504920921
198361604
455725759
500367881
315521457
42879549
918934558
21834901
945846304
530459589
783417553
514440145
852802131
227782570
571409572
42711706
889308511
272903582
423765178
252167181
733902185
487975006
320802668
942710196
532344137
990772227
98340096
869559358
232285857
457713264
458731374
931088414
678944334
161289969
330933450
591593957
795683645
188255554
762887132
421541985
903270478
172404314
774769015
961331449
441794753
538290666
962960283
306139732
831049439
703865692
990173457
409304233
694222403
450947632
837563238
239895743
534659201
540326624
533515045
67087472
657026786
584141053
657286230
162207151
360568755
816294515
316662396
632183854
675063404
593997962
615832863
561679167
92138757
875556310
389996454
242798586
470581156
41990729
84702435
974010948
246914530
670679709
922846890
656749076
144724081
465526750
408236946
940581084
931353311
29693407
899252765
131538622
589251886
47983260
979071675
658016009
819305978
150239428
741833385
537517030
725772585
488659717
910201703
813472181
985876495
760645510
721976960
163771713
702062379
665022663
971162396
802211835
506077527
496250984
905555218
599777621
50725253
888288491
128184234
662843436
203170061
736685106
803772579
460799365
44940418
702226649
864433801
225002556
41297072
357959469
990143323
665206727
259204689
875037554
436716721
528855478
404411788
794408243
37206829
507787986
549778715
634481151
608492099
855406629
526086338
448933229
105682305
250406387
715933138
124170084
64751168
996104479
25797886
925050652
56589273
645841160
693824421
672896095
330912104
150218082
300457511
42290896
579807927
305580511
794240229
704441932
517914113
503790609
264436119
986413080
150184793
852247172
517269835
488432231
290644066
796721593
292972576
198527794
798305415
849030669
737319160
865503395
528346831
731516893
468201999
271974579
732773945
777714363
479941012
344374813
569377369
610674442
968633911
958777234
623983962
883188652
758226206
194942927
723798406
128210194
922618437
959825266
467613252
17391967
651873119
260365218
115771847
641858186
90791415
196473721
446880108
162813246
286983330
351734499
347838978
373636865
298687516
355276791
1117951
694942372
367838468
698750572
848968655
149426166
191717062
771524989
77105501
871345730
575787662
93701776
597492385
861928505
848341585
998526378
850773550
368043386
856475617
147119682
943841276
236813853
435341648
233647063
82677733
819996893
685500289
213847120
945364013
413566013
685540592
418314536
196028899
675969912
20344725
589722096
200396538
169030449
127807684
751791646
634980298
393206504
588149432
311947838
440158032
362776469
322601735
790214987
807606955
459480074
719845293
835617141
477475328
568266744
764740465
211620573
374433819
661417151
13151650
360990629
734627494
33315011
388591802
389709753
84652125
452490593
151241166
209820
149635987
341353050
112878039
189983541
61329271
637116934
730818711
328311096
190239600
38581185
37107564
887881115
255924501
112400118
259519801
203361077
440174930
875516578
109163642
191841375
11838268
697338558
911185678
856549692
270115705
955656297
373970834
569999734
245969646
266314373
856036469
56433007
225463456
353271140
105062787
740043086
133249591
721399023
33346861
473504893
836281362
158883097
949098085
756705040
216185115
936030408
771647550
249122877
817389621
582130086
793750660
168184479
829601630
842753281
203743910
938371404
971686416
360278218
749987971
834640097
287130690
438371856
438581677
588217665
929570715
42448755
232432296
293761568
930878503
661697214
990008310
180247910
218829097
255936661
143817776
399742278
512142397
771662198
975023276
415198206
290714785
399878427
591719803
603558072
300896630
212082308
68632000
338747705
294404003
668374837
238374571
484344218
750658591
606695060
663128067
888591524
241862665
346925452
86968538
220218129
941617153
974964015
448468908
284750271
443633368
392731454
149436494
365621610
301652018
73299568
322422446
139812068
721942155
515692814
683877294
513478925
356232206
559976117
498347521
470033937
830312155
580300126
414940223
702070914
140442770
579024449
167242114
96812829
139261584
371693881
665455450
596333953
